7.61985e-024
2.08138e-023
5.62928e-023
1.50749e-022
3.99722e-022
1.04945e-021
2.72815e-021
7.02228e-021
1.78975e-020
4.51659e-020
1.12859e-019
2.79233e-019
6.84081e-019
1.65942e-018
3.9858e-018
9.47953e-018
2.23239e-017
5.20557e-017
1.20194e-016
2.74796e-016
6.22096e-016
1.39452e-015
3.09536e-015
6.80331e-015
1.48065e-014
3.19089e-014
6.80922e-014
1.43884e-013
3.01063e-013
6.23784e-013
1.27981e-012
2.60013e-012
5.23096e-012
1.0421e-011
2.05579e-011
4.016e-011
7.76885e-011
1.48823e-010
2.82316e-010
5.30342e-010
9.86588e-010
1.81751e-009
3.31575e-009
5.99037e-009
1.07176e-008
1.89896e-008
3.33204e-008
5.79013e-008
9.96443e-008
1.69827e-007
2.86652e-007
4.79183e-007
7.93328e-007
1.30081e-006
2.11245e-006
3.39767e-006
5.41254e-006
8.53991e-006
1.33457e-005
2.06575e-005
3.16712e-005
4.80963e-005
7.2348e-005
0.0001078
0.000159109
0.000232629
0.000336929
0.000483424
0.000687138
0.000967603
0.0013499
0.00186581
0.00255513
0.00346697
0.00466119
0.00620967
0.00819754
0.0107241
0.0139034
0.0178644
0.0227501
0.0287166
0.0359303
0.0445655
0.0547993
0.0668072
0.0807567
0.0968005
0.11507
0.135666
0.158655
0.18406
0.211855
0.241964
0.274253
0.308538
0.344578
0.382089
0.42074
0.460172
0.5
0.539828
0.57926
0.617911
0.655422
0.691462
0.725747
0.758036
0.788145
0.81594
